year,All_vacancies,Prof_vacancies
2003,41302.98241859813,
2004,42967.34025175845,
2005,375739.1960198954,
2006,41317.95446640283,
2007,44449.479986441474,
2008,48411.15484489188,
2009,44812.28021540565,
2010,44657.9181012273,
2011,46448.54430430446,
2012,47969.40348712444,
2013,53542.05418166369,70000.0
2014,49076.929010384425,66013.32500000001
2015,51734.663197185015,166491.14680851065
2016,60908.11758759631,125039.24860146988
2017,59512.997994590725,111973.0097337947
2018,64822.19622719971,115921.67444379376
2019,69724.84630947023,132560.47953636362
2020,72423.86874947905,139289.3124980475
2021,104357.90490147648,164228.66839464277
2022,91537.48474928163,176166.75248811423
2023,97966.74822578568,166597.34990693402
